44 19.78
92 17.57
158 17.48
251 18.36
366 19.28
495 22.67
635 25.84
799 27.51
964 29.45
1128 31.22
1288 32.71
1448 33.77
1608 34.91
1768 35.90
1928 35.78
2088 36.47
2248 37.18
2408 37.34
2568 37.57
2728 37.92
2888 37.37
3048 37.33
3208 37.64
3368 37.90
3528 37.59
3688 38.15
3848 38.55
4008 38.71
4168 39.27
4328 39.01
4488 38.61
4648 38.47
4808 38.29
4968 38.58
5128 38.49
5288 38.30
5448 38.12
5608 38.50
5768 38.52
5928 39.26
6088 39.96
6248 40.20
6408 39.73
6568 39.12
6728 39.21
6888 39.56
7048 39.78
7208 38.60
7368 38.60
7528 38.64
7688 38.42
7848 39.29
