40 14.48
80 17.29
120 16.58
160 18.35
200 20.09
240 23.58
280 25.49
320 26.61
360 28.12
400 27.98
440 29.98
480 31.21
520 31.92
560 32.27
600 31.88
640 29.69
680 29.00
720 31.08
760 31.83
800 34.00
840 34.43
880 35.44
920 35.44
960 36.12
1000 36.86
1040 37.10
1080 37.18
1120 37.73
1160 38.26
1200 37.50
1240 38.10
1280 38.45
1320 38.49
1360 38.27
1400 38.23
1440 37.81
1480 38.63
1520 38.21
1560 37.26
1600 37.40
1640 37.03
1680 37.35
1720 38.01
1760 38.61
1800 38.92
1840 39.45
1880 39.09
1920 39.09
1960 38.35
2000 37.37
2040 37.52
2080 37.37
2120 37.29
2160 36.15
2200 35.87
2240 34.76
2280 35.01
2320 34.90
2360 36.17
2400 36.74
2440 36.90
2480 37.56
2520 37.96
2560 38.55
2600 38.22
2640 37.53
2680 37.75
2720 36.66
2760 37.35
2800 37.43
2840 37.22
2880 36.76
2920 36.92
2960 36.86
3000 37.25
3040 37.73
3080 37.91
3120 37.66
3160 38.18
3200 37.90
3240 38.44
3280 39.17
3320 39.15
3360 38.26
3400 37.51
3440 36.50
3480 36.11
3520 37.07
3560 37.64
3600 37.60
3640 37.90
3680 39.00
3720 39.13
3760 38.48
3802 37.63
3847 37.52
3906 37.87
3972 38.27
4046 38.82
4125 39.58
4205 39.72
4285 39.41
4365 39.82
4445 39.86
4525 39.90
4605 40.17
4685 40.33
4765 40.36
4845 39.94
4925 39.65
5005 39.71
5085 39.56
5165 39.41
5245 39.30
5325 39.66
5405 39.36
5485 38.95
5565 38.55
5645 38.42
5725 38.40
5805 38.37
5885 38.69
5965 38.86
6045 39.92
6125 39.97
6205 40.79
6285 41.01
6365 41.20
6445 41.49
6525 41.48
6605 41.55
6685 40.83
6765 40.51
6845 40.38
6925 39.96
7005 40.08
7085 39.89
7165 39.78
7245 40.29
7325 40.46
7405 41.03
7485 40.36
7565 39.83
7645 39.89
7725 40.38
7805 40.38
7885 40.24
7965 41.20
8045 41.60
8125 42.45
8205 42.66
8285 42.44
8365 42.81
8445 42.90
8525 42.40
8605 41.84
8685 41.51
8765 41.81
8845 41.73
8925 41.50
9005 41.44
9085 41.74
9165 42.31
9245 42.48
9325 41.89
9405 41.16
9485 41.01
9565 41.07
9645 41.34
9725 42.52
9805 42.35
9885 42.29
9965 42.36
10045 42.25
10125 42.89
10205 43.08
10285 43.23
10365 43.63
10445 43.57
10525 43.42
10605 43.00
10685 42.16
10765 42.01
10845 41.72
10925 41.34
11005 41.10
11085 41.50
11165 42.00
11245 42.14
11325 42.47
11405 42.89
11485 43.13
11565 42.96
11645 42.92
11725 42.57
11805 43.72
11885 43.79
11965 43.77
12045 44.14
12125 44.24
12205 44.14
12285 43.91
12365 43.49
12445 43.86
12525 43.98
12605 43.86
12685 44.30
12765 43.97
12845 43.31
12925 43.27
13005 43.17
13085 44.02
13165 44.74
13245 44.96
13325 45.52
13405 45.37
13485 45.52
13565 44.96
13645 45.08
13725 44.38
13805 45.15
13885 45.39
13965 45.22
14045 45.37
14125 45.21
14205 45.14
14285 45.44
14365 45.43
14445 45.14
14525 45.23
14605 45.21
14685 45.15
14765 45.40
14845 45.14
14925 44.60
15005 43.87
15085 42.98
15165 43.12
15245 43.39
15325 43.75
15405 44.12
15485 44.32
15565 44.79
15645 44.07
15725 44.38
15805 44.44
15885 44.71
15965 44.66
16045 45.22
16125 45.25
16205 45.19
16285 45.11
16365 45.82
16445 45.49
16525 45.87
16605 45.87
16685 45.51
16765 45.82
16845 46.40
16925 46.43
17005 46.84
17085 46.65
17165 45.93
17245 46.21
17325 45.60
17405 45.37
17485 45.14
17565 45.40
17645 45.54
17725 45.62
17805 45.24
17885 45.92
17965 45.99
18045 46.09
18125 46.17
18205 46.29
18285 46.42
18365 46.06
18445 45.71
18525 46.04
18605 46.28
18685 46.53
18765 46.39
18845 46.18
18925 45.91
19005 45.93
19085 46.21
19165 46.24
19245 46.35
19325 46.68
19405 46.91
19485 47.19
19565 47.04
19645 46.85
19725 46.97
19805 46.79
19885 46.50
19965 46.56
20045 46.41
20125 46.18
20205 45.49
20285 45.69
20365 46.05
20445 46.73
20525 46.86
20605 46.50
20685 45.95
20765 46.05
20845 45.82
20925 46.63
21005 46.90
21085 46.85
21165 46.75
21245 47.27
21325 47.47
21405 47.19
21485 47.56
21565 47.37
21645 47.21
21725 47.52
21805 47.49
21885 46.96
21965 47.72
22045 47.88
22125 47.83
22205 47.96
22285 47.92
22365 47.94
22445 48.46
22525 48.56
22605 49.38
22685 49.22
22765 49.86
22845 49.82
22925 49.89
23005 50.12
23085 50.51
23165 50.30
23245 49.85
23325 49.43
23405 49.14
23485 49.23
23565 49.35
23645 49.66
23725 49.88
23805 50.12
23885 49.57
23965 49.03
24045 49.32
24125 49.80
24205 49.19
24285 49.65
24365 50.18
24445 50.21
24525 50.46
24605 51.02
24685 51.21
24765 51.36
24845 50.90
24925 50.47
25005 50.80
25085 50.85
25165 50.35
25245 50.56
25325 50.45
25405 49.50
25485 48.92
25565 49.32
25645 49.26
25725 49.38
25805 51.00
25885 51.66
25965 52.22
26045 51.73
26125 51.60
26205 51.51
26285 51.65
26365 51.29
26445 51.27
26525 51.91
26605 52.37
26685 52.72
26765 52.26
26845 52.48
26925 52.62
27005 52.65
27085 52.09
27165 52.15
27245 52.45
27325 52.87
27405 52.53
27485 53.49
27565 53.37
27645 53.76
27725 54.55
27805 54.71
27885 54.65
27965 54.73
28045 54.77
28125 54.69
28205 55.17
28285 55.41
28365 55.34
28445 55.84
28525 56.16
28605 56.11
28685 55.70
28765 54.87
28845 54.97
28925 55.96
29005 56.27
29085 56.17
29165 56.23
29245 56.73
29325 57.28
29405 57.07
29485 57.32
29565 57.10
29645 56.69
29725 57.08
29805 57.88
29885 58.94
29965 58.87
30045 60.12
30125 60.58
30205 60.06
30285 60.76
30365 61.48
30445 61.73
30525 62.12
30605 62.12
30685 62.10
30765 62.73
30845 63.66
30925 64.70
31005 64.50
31085 65.74
31165 66.07
31245 66.90
31325 65.09
31405 64.80
31485 66.90
31565 67.38
31645 66.86
31725 67.48
31805 66.75
31885 67.43
31965 67.41
32045 68.15
32125 68.05
32205 68.42
32285 68.84
32365 67.53
32445 66.99
32525 67.01
32605 66.12
32685 65.04
32765 66.84
32845 68.72
32925 71.19
33005 73.12
33085 75.01
33165 76.41
33245 76.19
33325 75.00
33405 75.32
33485 76.86
33565 77.14
33645 75.66
33725 73.63
33805 71.48
33885 70.49
33965 70.42
34045 70.87
34125 73.16
34205 74.34
34285 74.46
34365 74.39
34445 74.51
34525 73.53
34605 72.48
34685 74.78
34765 76.14
34845 76.76
34925 76.71
35005 77.80
35085 77.92
35165 77.44
35245 76.90
35325 75.33
35405 72.32
35485 72.53
35565 74.21
35645 75.58
35725 76.68
35805 76.98
35885 76.79
35965 76.23
36045 74.31
36125 75.09
36205 75.86
36285 75.19
36365 75.70
36445 75.19
36525 74.75
36605 72.28
36685 73.16
36765 74.03
36845 73.47
36925 71.74
37005 72.20
37085 70.70
37165 70.48
37245 70.11
37325 70.84
37405 69.93
37485 70.69
37565 70.61
37645 71.59
37725 73.16
37805 73.70
37885 72.77
37965 70.91
38045 72.47
38125 72.00
38205 72.45
38285 74.08
38365 74.89
38445 74.53
38525 74.58
38605 76.34
38685 77.82
38765 77.20
38845 76.52
38925 76.11
39005 74.60
39085 73.95
39165 74.02
39245 75.22
39325 77.24
39405 78.24
39485 78.60
39565 79.75
39645 79.34
39725 79.72
39805 78.36
39885 76.05
39965 75.78
40045 77.27
40125 77.29
40205 77.96
40285 78.85
40365 78.23
40445 77.38
40525 76.19
40605 76.11
40685 77.15
40765 78.52
40845 77.85
40925 77.68
41005 77.33
41085 77.06
41165 76.56
41245 76.18
41325 75.77
41405 75.32
41485 75.14
41565 75.93
41645 75.52
41725 73.87
41805 73.19
41885 73.71
41965 73.82
42045 74.31
42125 73.79
42205 74.93
42285 75.75
42365 74.93
42445 74.92
42525 75.41
42605 75.46
42685 75.58
42765 76.12
42845 76.84
42925 77.85
43005 76.90
43085 75.75
43165 75.85
43245 76.07
43325 76.68
43405 76.93
43485 77.66
43565 78.33
43645 78.57
43725 78.22
43805 77.87
43885 77.91
43965 77.75
44045 78.39
44125 78.47
44205 78.66
44285 78.48
44365 77.18
44445 77.38
44525 77.72
44605 77.40
44685 73.21
44765 69.34
44845 69.39
44925 71.76
45005 72.84
45085 73.64
45165 74.20
45245 73.43
45325 74.97
45405 76.06
45485 77.61
45565 78.38
45645 78.98
45725 78.61
45805 78.60
45885 79.09
45965 78.54
46045 78.35
46125 77.46
46205 76.46
46285 77.57
46365 78.79
46445 78.51
46525 79.53
46605 79.84
46685 79.69
46765 79.41
46845 79.32
46925 77.26
47005 74.71
47085 71.82
47165 71.99
47245 73.28
47325 75.35
47405 76.73
47485 76.33
47565 75.69
47645 76.56
47725 76.77
47805 77.41
47885 78.05
47965 78.43
48045 78.81
48125 78.56
48205 77.23
48285 74.99
48365 75.79
48445 75.78
48525 75.97
48605 76.33
48685 77.43
48765 76.71
48845 75.54
48925 76.72
49005 76.64
49085 77.37
49165 77.19
49245 77.24
49325 77.81
49405 78.46
49485 78.74
49565 77.73
49645 77.56
49725 78.32
49805 78.59
49885 77.56
49965 76.85
50045 77.41
50125 77.63
50205 77.14
50285 76.00
50365 75.52
50445 74.67
50525 74.15
50605 74.97
50685 77.98
50765 78.84
50845 78.51
50925 77.88
51005 77.97
51085 78.50
51165 80.27
51245 79.94
51325 79.69
51405 79.46
51485 79.62
51565 78.88
51645 77.50
51725 77.87
51805 78.43
51885 78.93
51965 78.89
52045 79.37
52125 79.39
52205 79.98
52285 80.30
52365 80.77
52445 80.56
52525 80.59
52605 80.51
52685 80.74
52765 80.89
52845 80.52
52925 80.40
53005 79.33
53085 77.19
53165 76.34
53245 76.85
53325 77.39
53405 77.51
53485 79.21
53565 78.87
53645 78.75
53725 78.24
53805 77.81
53885 78.29
53965 77.89
54045 77.80
54125 77.92
54205 79.17
54285 80.22
54365 80.09
54445 78.73
54525 79.33
54605 77.74
54685 75.54
54765 73.16
54845 73.07
54925 74.18
55005 74.78
55085 74.89
55165 75.30
55245 76.42
55325 77.82
55405 78.89
55485 79.03
55565 78.85
55645 75.82
55725 73.90
55805 74.33
55885 75.91
55965 76.99
56045 78.44
56125 77.86
56205 77.45
56285 77.35
56365 77.53
56445 76.16
56525 75.63
56605 76.81
56685 76.67
56765 76.65
56845 74.79
56925 75.50
57005 76.01
57085 77.06
57165 78.00
57245 77.13
57325 75.76
57405 76.07
57485 76.50
57565 77.08
57645 77.80
57725 77.38
57805 74.15
57885 70.00
57965 68.04
58045 68.36
58125 72.08
58205 75.93
58285 77.73
58365 78.19
58445 77.98
58525 79.07
58605 80.53
58685 81.02
58765 80.92
58845 80.72
58925 80.22
59005 80.89
59085 81.65
59165 80.89
59245 81.31
59325 81.56
59405 81.94
59485 82.07
59565 81.15
59645 80.58
59725 80.11
59805 76.24
59885 71.33
59965 68.66
60045 67.61
60125 68.57
60205 70.23
60285 72.65
60365 74.76
60445 75.51
60525 76.98
60605 77.41
60685 77.77
60765 77.72
60845 77.44
60925 77.91
61005 79.30
61085 80.03
61165 80.45
61245 81.71
61325 81.19
61405 80.76
61485 80.54
61565 81.09
61645 80.18
61725 79.23
61805 79.25
61885 80.65
61965 80.79
62045 80.33
62125 79.67
62205 79.20
62285 78.01
62365 78.22
62445 79.25
62525 79.20
62605 79.24
62685 80.13
62765 79.60
62845 79.34
62925 78.60
63005 78.13
63085 77.19
63165 77.75
63245 78.17
63325 77.21
63405 77.54
63485 78.12
63565 77.70
63645 76.90
63725 76.51
63805 76.45
63885 75.82
63965 76.59
64045 77.03
64125 77.58
64205 76.00
64285 71.37
64365 67.37
64445 67.84
64525 69.74
64605 71.83
64685 74.26
64765 75.22
64845 75.88
64925 76.62
65005 76.82
65085 77.19
65165 77.87
65245 77.62
65325 77.73
65405 78.18
65485 78.61
65565 78.47
65645 78.22
65725 78.76
65805 77.26
65885 76.17
65965 76.10
66045 76.73
66125 77.85
66205 78.33
66285 79.43
66365 79.62
66445 77.99
66525 76.66
66605 77.94
66685 77.62
66765 78.32
66845 78.46
66925 78.84
67005 78.67
67085 78.68
67165 79.37
67245 80.04
67325 80.03
67405 79.94
67485 80.70
67565 79.80
67645 79.88
67725 80.19
